     4533.82400 0.0739
     4677.67600 0.0649
     5952.56100 0.0679
     5953.44000 0.0540
     5808.70900 0.0533
     5809.58900 0.0670
     5784.98900 0.1573
     6072.68100 0.1412
     6025.06900 0.1168
     6029.46500 0.0913
     5737.37800 0.0890
     5741.77400 0.1139
     5282.20400 0.0043
     7013.62000 0.2819
     7493.04900 0.2556
     5193.37000 0.0039
     5385.10800 0.0042
     5290.36600 0.0031
     5299.14300 0.0031
     4511.05200 0.0042
     5292.86500 0.0017
     4511.06200 0.0053
     5292.92600 0.0017
     6122.06500 0.1587
     6135.23800 0.1209
     5642.63600 0.1159
     5655.80900 0.1520
     6596.18200 0.0081
     4864.76600 0.1146
     6490.09000 0.0074
     6729.62200 0.0079
     6611.81600 0.0064
     6629.31600 0.0064
     6616.79600 0.0045
     6617.00700 0.0045
     7102.43600 0.0073
     7102.15400 0.0091
     6615.98200 0.0023
     7102.43600 0.0091
     7102.15400 0.0073
     6615.98300 0.0023
     6243.79100 0.1956
     6274.46300 0.1445
     5524.83000 0.1356
     5555.50300 0.1834
     6280.57300 0.2337
     5561.61300 0.1073
     5777.26900 0.0114
     5776.42300 0.0141
     5777.27000 0.0141
     5776.42400 0.0114
     6390.51400 0.2279
     6451.64000 0.1623
     5384.43000 0.1485
     5445.55700 0.2084
     6699.40000 0.1647
     6562.50300 0.2556
     6671.92000 0.1744
     5222.06000 0.1548
     5331.47700 0.2272
     5532.47500 0.0801
     5423.05800 0.0673
     7258.43400 0.0004
     7260.54700 0.0004
     7048.69100 0.0194
     7048.64400 0.0240
     7048.69100 0.0240
     7048.64400 0.0194
     6760.00500 0.2784
     6940.89000 0.1808
     5038.52600 0.1551
     5219.41200 0.2399
     4905.29700 0.0393
     7053.65000 0.1458
     4724.41200 0.0358
     6872.76500 0.1228
     6045.77500 0.0005
     6050.41600 0.0004
     5722.26700 0.0173
     5722.14400 0.0214
     5722.26800 0.0214
     5722.14400 0.0173
     6983.21500 0.2962
     7264.28900 0.1819
     4834.86100 0.1500
     5115.93500 0.2468
     5972.42000 0.0590
     5691.34600 0.0485
     4870.55700 0.0005
     4879.81700 0.0004
     7232.25200 0.3088
     4612.36100 0.1406
     5027.77600 0.2485
     7012.21200 0.0797
     6596.79700 0.0583
     4601.17200 0.0335
     5190.07400 0.0513
     4584.02800 0.0382
     5172.93100 0.0441
     6993.91500 0.0220
     6993.90800 0.0271
     6993.91500 0.0271
     6993.90800 0.0220
     4961.53400 0.2458
     7435.75300 0.0636
     5864.19000 0.0552
     6669.99300 0.0858
     5834.31100 0.0614
     6640.11400 0.0749
     5666.81700 0.0164
     5666.80200 0.0202
     5666.81800 0.0202
     5666.80200 0.0164
     4923.44000 0.2396
     7111.95900 0.0801
     7062.42700 0.0865
     4882.82600 0.1627
     4919.18600 0.2308
     4860.36600 0.0279
     4980.95400 0.0344
     4858.05600 0.0326
     4978.64400 0.0293
     6938.62700 0.0177
     6938.62600 0.0218
     6938.62700 0.0218
     6938.62600 0.0177
     5412.55800 0.1702
     4953.86100 0.2201
     7417.14000 0.0005
     6190.36900 0.0436
     6369.30300 0.0538
     7421.28500 0.0004
     6186.22500 0.0504
     6365.15800 0.0463
     5611.18800 0.0119
     5611.18600 0.0147
     5611.18800 0.0147
     5611.18600 0.0119
     5986.09300 0.1747
     5031.96200 0.2082
     4727.04800 0.0693
     5798.41500 0.1060
     6196.88700 0.0121
     5552.45400 0.0108
     5950.92700 0.1128
     5752.63500 0.1524
     6103.03800 0.1455
     5852.84200 0.1567
     6251.22200 0.0466
     5502.43900 0.0415
     5900.82000 0.1652
     5280.76300 0.0052
     6993.37200 0.2769
     5204.32200 0.0038
     5724.13600 0.0006
     4853.92000 0.0003
     5373.73300 0.0040
     5294.36600 0.0031
     5294.31500 0.0030
     5292.47900 0.0017
     4594.06800 0.0098
     5292.38900 0.0016
     5942.88600 0.1861
     6341.21500 0.0890
     5423.07200 0.0781
     5821.40100 0.1932
     6594.51400 0.0104
     4881.90600 0.1132
     6496.10900 0.0074
     7242.76500 0.0012
     5976.29600 0.0007
     6722.95100 0.0079
     6619.79200 0.0066
     6620.30700 0.0063
     6616.39600 0.0046
     6616.25100 0.0045
     6989.05700 0.0159
     6615.44200 0.0023
     7187.83400 0.0167
     6615.33300 0.0023
     6066.56900 0.2085
     6465.41300 0.1276
     5319.91300 0.1095
     5718.75700 0.2120
     6289.84700 0.2310
     5543.19100 0.1073
     7042.63500 0.0013
     5663.65400 0.0246
     5862.54200 0.0263
     6223.01300 0.2283
     6624.61800 0.1582
     5197.17500 0.1326
     5598.78100 0.2262
     6683.40400 0.1640
     4535.89900 0.0251
     6411.66600 0.2469
     6822.33300 0.1796
     5057.15200 0.1463
     5467.81900 0.2370
     5694.27700 0.0740
     5283.61100 0.0730
     6950.98000 0.0004
     6931.88900 0.0422
     7130.30800 0.0443
     6630.89500 0.2650
     7064.69100 0.1908
     4900.08300 0.1509
     5333.87800 0.2449
     5035.85400 0.0453
     7188.99300 0.1377
     4602.05800 0.0306
     6755.19700 0.1304
     5741.30200 0.0004
     6337.49400 0.0005
     5605.48600 0.0373
     5804.01800 0.0397
     6877.45400 0.2820
     7360.03300 0.1924
     4724.31400 0.1476
     5206.89400 0.2499
     5106.06400 0.0003
     6079.76900 0.0641
     5597.19000 0.0440
     4570.43400 0.0004
     5166.05900 0.0005
     7147.52600 0.2962
     4527.70800 0.1386
     5097.36800 0.2511
     6250.64400 0.0007
     7098.97200 0.0832
     5680.98400 0.0002
     6529.31200 0.0548
     4842.20200 0.0623
     5546.80500 0.0254
     4951.83600 0.0665
     6873.68600 0.0477
     7071.61100 0.0500
     7438.52800 0.3054
     5014.25000 0.2483
     7362.83100 0.0013
     6658.22700 0.0006
     7391.46500 0.0609
     6113.19000 0.0918
     7005.55600 0.0523
     5518.80400 0.0294
     6411.17100 0.1048
     5546.65700 0.0353
     5744.68700 0.0375
     4964.10400 0.2418
     7361.79500 0.1208
     6767.49400 0.0503
     4895.25400 0.1622
     4951.76700 0.2326
     5028.56300 0.0644
     5629.03600 0.0008
     4836.48600 0.0593
     6815.04700 0.0383
     7012.33700 0.0402
     5428.02900 0.1682
     4883.47300 0.0028
     4981.18300 0.2215
     6512.52600 0.0001
     7003.65800 0.0004
     6380.39800 0.0982
     6992.64000 0.0027
     5588.79000 0.0017
     6201.03100 0.0924
     5487.69400 0.0256
     5685.07700 0.0272
     6006.61600 0.1700
     5532.27700 0.0055
     5055.84700 0.2094
     4533.12000 0.0738
     4677.93700 0.0650
     5936.16500 0.0679
     5969.51100 0.0539
     5791.34800 0.0529
     5824.69400 0.0675
     5784.52300 0.1572
     6072.70100 0.1412
     6010.05800 0.1113
     6043.67200 0.0967
     5721.87900 0.0936
     5755.49400 0.1092
     5282.18400 0.0043
     7013.24800 0.2818
     7492.97300 0.2556
     5193.45100 0.0039
     5384.99800 0.0042
     5293.63800 0.0030
     5295.84200 0.0030
     5292.88300 0.0017
     4546.30200 0.0003
     4510.48400 0.0092
     5292.87800 0.0017
     6110.24500 0.1508
     6146.06300 0.1288
     5630.52000 0.1225
     5666.33800 0.1454
     6596.15700 0.0081
     4865.09200 0.1146
     6490.11900 0.0074
     6729.55600 0.0079
     6615.82900 0.0062
     6661.08400 0.0002
     6580.01100 0.0002
     6625.26700 0.0062
     6616.88700 0.0045
     6616.87900 0.0045
     7092.51100 0.0163
     6615.96600 0.0023
     7109.11000 0.0164
     6615.96100 0.0023
     6235.95500 0.1898
     6281.21000 0.1502
     5516.79300 0.1402
     5562.04800 0.1789
     6280.83900 0.2337
     5561.67700 0.1073
     5767.06500 0.0255
     5783.66600 0.0256
     6385.72000 0.2251
     6455.29400 0.1650
     5379.48900 0.1503
     5449.06300 0.2065
     6699.47200 0.1647
     6559.45900 0.2544
     6673.79300 0.1755
     5218.90300 0.1554
     5333.23700 0.2265
     5535.58900 0.0798
     5421.25500 0.0676
     7232.67000 0.0004
     7282.62600 0.0004
     7038.49200 0.0433
     7055.04200 0.0435
     6757.90500 0.2778
     6941.79800 0.1813
     5036.34000 0.1552
     5220.23200 0.2396
     4907.37400 0.0394
     7055.79300 0.1456
     4723.48100 0.0357
     6871.90000 0.1230
     6021.23800 0.0005
     6071.33200 0.0005
     5712.02900 0.0386
     5728.58900 0.0388
     6981.63900 0.2959
     7264.65900 0.1821
     4833.22000 0.1500
     5116.24000 0.2467
     5973.97100 0.0590
     5690.95100 0.0485
     4848.07600 0.0005
     4898.76100 0.0005
     7230.97600 0.3085
     4611.04400 0.1406
     5027.78800 0.2484
     7013.46400 0.0798
     6596.72000 0.0582
     4619.49100 0.0374
     5209.35200 0.0469
     4566.85200 0.0344
     5156.71300 0.0485
     6983.35400 0.0490
     6999.83800 0.0492
     4961.37900 0.2458
     7435.87600 0.0636
     5878.92500 0.0592
     6685.45900 0.0810
     5820.94600 0.0575
     6627.48000 0.0797
     5656.25100 0.0365
     5672.74500 0.0367
     4923.19200 0.2396
     7122.99100 0.0833
     7052.90500 0.0834
     4882.90500 0.1626
     4918.89200 0.2307
     4889.01100 0.0422
     5019.29800 0.0203
     4822.64800 0.0186
     4952.93500 0.0433
     6927.69800 0.0394
     6944.10100 0.0396
     5412.71700 0.1701
     4913.07700 0.0001
     4953.55200 0.2200
     7382.93600 0.0005
     6219.63900 0.0599
     6405.21200 0.0375
     7449.32000 0.0005
     6153.25500 0.0344
     6338.82900 0.0624
     5600.25700 0.0265
     5616.66900 0.0266
     5986.35700 0.1746
     5573.52300 0.0002
     5031.66000 0.2082
     4720.13900 0.0688
     5807.77300 0.1048
     6172.90600 0.0136
     5575.15700 0.0123
     5940.29000 0.1109
     5757.03900 0.1529
     6098.12600 0.1449
     5864.21000 0.1539
     6229.26100 0.0500
     5523.12200 0.0449
     5888.17400 0.1612
     5280.75100 0.0052
     6996.28600 0.2773
     5202.83300 0.0038
     5716.28700 0.0006
     4861.74500 0.0003
     5375.19900 0.0040
     5294.33000 0.0031
     5294.31600 0.0030
     5292.46100 0.0017
     4584.67500 0.0098
     5292.37500 0.0016
     5955.70600 0.1830
     6320.74400 0.0927
     5442.25200 0.0819
     5807.29000 0.1887
     6594.48100 0.0104
     4878.94600 0.1132
     6495.21600 0.0074
     7237.28800 0.0011
     5981.76200 0.0007
     6723.83400 0.0079
     6619.70800 0.0065
     6620.34600 0.0063
     6616.37100 0.0046
     6616.23600 0.0045
     6995.88000 0.0159
     6615.42000 0.0023
     7178.05400 0.0167
     6615.31700 0.0023
     6080.19800 0.2059
     6445.87300 0.1306
     5338.12600 0.1130
     5703.80100 0.2079
     6287.71200 0.2309
     5545.64000 0.1073
     7046.70800 0.0013
     5670.48700 0.0247
     5852.76200 0.0262
     6236.93800 0.2265
     6605.74900 0.1604
     5214.64600 0.1354
     5583.45700 0.2228
     6685.21200 0.1639
     4526.11600 0.0250
     6425.34600 0.2459
     6804.18500 0.1807
     5073.77900 0.1484
     5452.61800 0.2344
     5677.86400 0.0744
     5299.02500 0.0728
     6974.29800 0.0004
     6938.27300 0.0422
     7120.13900 0.0442
     6643.60600 0.2648
     7047.63700 0.1909
     4915.42600 0.1523
     5319.45600 0.2432
     5023.18600 0.0446
     7173.79800 0.1382
     4619.15600 0.0311
     6769.76700 0.1300
     5764.84000 0.0005
     6311.14800 0.0005
     5611.87900 0.0374
     5793.84800 0.0396
     6888.34600 0.2825
     7344.62200 0.1917
     4737.73400 0.1484
     5194.01000 0.2487
     5092.92400 0.0004
     6069.06700 0.0634
     4636.64800 0.0001
     5612.79100 0.0445
     4594.29800 0.0004
     5140.09000 0.0005
     7155.95100 0.2969
     4538.74200 0.1391
     5086.55700 0.2503
     6239.23900 0.0008
     7090.90600 0.0826
     5691.42500 0.0003
     6543.09100 0.0552
     4826.96800 0.0605
     5514.25000 0.0268
     4969.03300 0.0656
     6879.62400 0.0478
     7061.06000 0.0499
     7444.28100 0.3058
     5005.57000 0.2476
     7352.99700 0.0015
     6665.71600 0.0007
     7403.59700 0.0612
     6096.07800 0.0893
     6974.99400 0.0544
     5551.31400 0.0314
     6430.23000 0.1032
     5552.60300 0.0353
     5734.13500 0.0374
     4957.25300 0.2413
     7343.29800 0.1178
     6798.38800 0.0528
     4897.52100 0.1618
     4946.33800 0.2321
     5020.90700 0.0641
     5573.21100 0.0010
     4846.99600 0.0595
     6820.53200 0.0384
     7001.41600 0.0401
     5431.58000 0.1674
     4878.17900 0.0035
     4976.82300 0.2212
     6489.67600 0.0001
     7034.07700 0.0004
     6372.04300 0.0975
     6937.56700 0.0031
     5646.69900 0.0020
     6212.22300 0.0924
     5493.18700 0.0256
     5674.15500 0.0271
     6011.72200 0.1688
     5525.52200 0.0067
     5052.30000 0.2091
     4733.69400 0.0697
     5787.98200 0.1069
     6219.72500 0.0107
     5528.31700 0.0096
     5960.06100 0.1144
     5747.52800 0.1519
     6107.76200 0.1460
     5840.47700 0.1593
     6272.11800 0.0435
     5480.24300 0.0384
     5911.88400 0.1689
     5280.73600 0.0052
     6989.78700 0.2764
     5205.81600 0.0038
     5732.43800 0.0006
     4845.58200 0.0003
     5372.20400 0.0040
     5294.37200 0.0031
     5294.28700 0.0030
     5292.46800 0.0017
     4601.32600 0.0099
     5292.37200 0.0016
     5929.03300 0.1890
     6360.58800 0.0855
     5402.41100 0.0744
     5833.96700 0.1974
     6594.49700 0.0103
     4885.44500 0.1132
     6497.01500 0.0073
     7248.60300 0.0012
     5970.39400 0.0007
     6721.98100 0.0079
     6619.83400 0.0066
     6620.23900 0.0063
     6616.38400 0.0046
     6616.22900 0.0045
     6979.28700 0.0159
     6615.42600 0.0023
     7194.63300 0.0168
     6615.31200 0.0023
     6051.85200 0.2110
     6483.81200 0.1245
     5300.26400 0.1061
     5732.22400 0.2159
     6292.48200 0.2311
     5540.89500 0.1074
     7038.20900 0.0012
     5653.88100 0.0246
     5869.34800 0.0263
     6207.93800 0.2301
     6642.33500 0.1560
     5178.28500 0.1296
     5612.68200 0.2295
     6681.75300 0.1641
     4542.71500 0.0252
     6396.74600 0.2479
     6839.36900 0.1782
     5039.07300 0.1440
     5481.69600 0.2395
     5712.05900 0.0738
     5269.43600 0.0732
     6924.03500 0.0004
     6921.72800 0.0420
     7136.66700 0.0444
     6616.79700 0.2651
     7080.74800 0.1904
     4883.18700 0.1493
     5347.13700 0.2467
     5049.86100 0.0460
     7205.65200 0.1373
     4585.91100 0.0300
     6741.70200 0.1308
     5714.19900 0.0004
     6360.17300 0.0005
     5595.32200 0.0372
     5810.38400 0.0398
     6864.98800 0.2814
     7374.60800 0.1928
     4709.19700 0.1466
     5218.81700 0.2510
     5120.94500 0.0003
     6091.99300 0.0648
     5582.37300 0.0434
     4543.08700 0.0004
     5188.44200 0.0005
     7137.37900 0.2955
     4514.87100 0.1380
     5107.38700 0.2518
     6263.81800 0.0006
     7108.70800 0.0839
     5671.30200 0.0002
     6516.19200 0.0544
     4858.93200 0.0640
     5581.96200 0.0240
     4937.34000 0.0674
     6863.14300 0.0476
     7077.52300 0.0501
     7430.98800 0.3049
     5022.22100 0.2488
     7374.35100 0.0011
     6651.32000 0.0005
     7379.96300 0.0607
     6131.82000 0.0943
     7038.70300 0.0503
     5487.90600 0.0276
     6394.78900 0.1062
     5536.11200 0.0352
     5750.60600 0.0376
     4970.26900 0.2422
     7381.86200 0.1238
     6738.24400 0.0480
     4893.09200 0.1625
     4956.51400 0.2329
     5039.04700 0.0648
     5687.75800 0.0007
     4829.01100 0.0592
     6804.13300 0.0382
     7017.79700 0.0402
     5424.68500 0.1688
     4888.54800 0.0021
     4984.87800 0.2218
     6538.53500 0.0001
     6967.15500 0.0004
     6391.49000 0.0989
     7050.70800 0.0024
     5533.75500 0.0014
     6192.97300 0.0924
     5476.77800 0.0255
     5690.54400 0.0272
     6001.80900 0.1711
     5538.71300 0.0044
     5058.76400 0.2096
